 6  4  8  5
14  3 11  9
15 10 13  1
 2  7  0 12


 6  4  8  5
14  3 11  9
15 10 13  1
 2  0  7 12


 6  4  8  5
14  3 11  9
15  0 13  1
 2 10  7 12


 6  4  8  5
14  3 11  9
15 13  0  1
 2 10  7 12


 6  4  8  5
14  3 11  9
15 13  1  0
 2 10  7 12


 6  4  8  5
14  3 11  0
15 13  1  9
 2 10  7 12


 6  4  8  5
14  3  0 11
15 13  1  9
 2 10  7 12


 6  4  0  5
14  3  8 11
15 13  1  9
 2 10  7 12


 6  0  4  5
14  3  8 11
15 13  1  9
 2 10  7 12


 6  3  4  5
14  0  8 11
15 13  1  9
 2 10  7 12


 6  3  4  5
 0 14  8 11
15 13  1  9
 2 10  7 12


 0  3  4  5
 6 14  8 11
15 13  1  9
 2 10  7 12


 3  0  4  5
 6 14  8 11
15 13  1  9
 2 10  7 12


 3 14  4  5
 6  0  8 11
15 13  1  9
 2 10  7 12


 3 14  4  5
 0  6  8 11
15 13  1  9
 2 10  7 12


 3 14  4  5
15  6  8 11
 0 13  1  9
 2 10  7 12


 3 14  4  5
15  6  8 11
 2 13  1  9
 0 10  7 12


 3 14  4  5
15  6  8 11
 2 13  1  9
10  0  7 12


 3 14  4  5
15  6  8 11
 2  0  1  9
10 13  7 12


 3 14  4  5
15  6  8 11
 2  1  0  9
10 13  7 12


 3 14  4  5
15  6  8 11
 2  1  9  0
10 13  7 12


 3 14  4  5
15  6  8 11
 2  1  9 12
10 13  7  0


 3 14  4  5
15  6  8 11
 2  1  9 12
10 13  0  7


 3 14  4  5
15  6  8 11
 2  1  0 12
10 13  9  7


 3 14  4  5
15  6  0 11
 2  1  8 12
10 13  9  7


 3 14  4  5
15  0  6 11
 2  1  8 12
10 13  9  7


 3 14  4  5
 0 15  6 11
 2  1  8 12
10 13  9  7


 3 14  4  5
 2 15  6 11
 0  1  8 12
10 13  9  7


 3 14  4  5
 2 15  6 11
 1  0  8 12
10 13  9  7


 3 14  4  5
 2 15  6 11
 1 13  8 12
10  0  9  7


 3 14  4  5
 2 15  6 11
 1 13  8 12
10  9  0  7


 3 14  4  5
 2 15  6 11
 1 13  0 12
10  9  8  7


 3 14  4  5
 2 15  6 11
 1 13 12  0
10  9  8  7


 3 14  4  5
 2 15  6  0
 1 13 12 11
10  9  8  7


 3 14  4  5
 2 15  0  6
 1 13 12 11
10  9  8  7


 3 14  4  5
 2  0 15  6
 1 13 12 11
10  9  8  7


 3 14  4  5
 2 13 15  6
 1  0 12 11
10  9  8  7


 3 14  4  5
 2 13 15  6
 1 12  0 11
10  9  8  7


 3 14  4  5
 2 13 15  6
 1 12 11  0
10  9  8  7


 3 14  4  5
 2 13 15  0
 1 12 11  6
10  9  8  7


 3 14  4  0
 2 13 15  5
 1 12 11  6
10  9  8  7


 3 14  0  4
 2 13 15  5
 1 12 11  6
10  9  8  7


 3  0 14  4
 2 13 15  5
 1 12 11  6
10  9  8  7


 0  3 14  4
 2 13 15  5
 1 12 11  6
10  9  8  7


 2  3 14  4
 0 13 15  5
 1 12 11  6
10  9  8  7


 2  3 14  4
 1 13 15  5
 0 12 11  6
10  9  8  7


 2  3 14  4
 1 13 15  5
12  0 11  6
10  9  8  7


 2  3 14  4
 1 13 15  5
12 11  0  6
10  9  8  7


 2  3 14  4
 1 13  0  5
12 11 15  6
10  9  8  7


 2  3  0  4
 1 13 14  5
12 11 15  6
10  9  8  7


 2  0  3  4
 1 13 14  5
12 11 15  6
10  9  8  7


 0  2  3  4
 1 13 14  5
12 11 15  6
10  9  8  7


 1  2  3  4
 0 13 14  5
12 11 15  6
10  9  8  7


 1  2  3  4
12 13 14  5
 0 11 15  6
10  9  8  7


 1  2  3  4
12 13 14  5
11  0 15  6
10  9  8  7
