 7  4 12  8
 9 15  5 10
11  6  2 14
 3  1  0 13


 7  4 12  8
 9 15  5 10
11  6  2 14
 3  0  1 13


 7  4 12  8
 9 15  5 10
11  6  2 14
 0  3  1 13


 7  4 12  8
 9 15  5 10
 0  6  2 14
11  3  1 13


 7  4 12  8
 9 15  5 10
 6  0  2 14
11  3  1 13


 7  4 12  8
 9  0  5 10
 6 15  2 14
11  3  1 13


 7  0 12  8
 9  4  5 10
 6 15  2 14
11  3  1 13


 7 12  0  8
 9  4  5 10
 6 15  2 14
11  3  1 13


 7 12  5  8
 9  4  0 10
 6 15  2 14
11  3  1 13


 7 12  5  8
 9  4  2 10
 6 15  0 14
11  3  1 13


 7 12  5  8
 9  4  2 10
 6 15  1 14
11  3  0 13


 7 12  5  8
 9  4  2 10
 6 15  1 14
11  0  3 13


 7 12  5  8
 9  4  2 10
 6  0  1 14
11 15  3 13


 7 12  5  8
 9  4  2 10
 6  1  0 14
11 15  3 13


 7 12  5  8
 9  4  2 10
 6  1 14  0
11 15  3 13


 7 12  5  8
 9  4  2  0
 6  1 14 10
11 15  3 13


 7 12  5  0
 9  4  2  8
 6  1 14 10
11 15  3 13


 7 12  0  5
 9  4  2  8
 6  1 14 10
11 15  3 13


 7 12  2  5
 9  4  0  8
 6  1 14 10
11 15  3 13


 7 12  2  5
 9  0  4  8
 6  1 14 10
11 15  3 13


 7 12  2  5
 9  1  4  8
 6  0 14 10
11 15  3 13


 7 12  2  5
 9  1  4  8
 0  6 14 10
11 15  3 13


 7 12  2  5
 0  1  4  8
 9  6 14 10
11 15  3 13


 0 12  2  5
 7  1  4  8
 9  6 14 10
11 15  3 13


12  0  2  5
 7  1  4  8
 9  6 14 10
11 15  3 13


12  1  2  5
 7  0  4  8
 9  6 14 10
11 15  3 13


12  1  2  5
 0  7  4  8
 9  6 14 10
11 15  3 13


 0  1  2  5
12  7  4  8
 9  6 14 10
11 15  3 13


 1  0  2  5
12  7  4  8
 9  6 14 10
11 15  3 13


 1  2  0  5
12  7  4  8
 9  6 14 10
11 15  3 13


 1  2  4  5
12  7  0  8
 9  6 14 10
11 15  3 13


 1  2  4  5
12  7 14  8
 9  6  0 10
11 15  3 13


 1  2  4  5
12  7 14  8
 9  0  6 10
11 15  3 13


 1  2  4  5
12  0 14  8
 9  7  6 10
11 15  3 13


 1  2  4  5
12 14  0  8
 9  7  6 10
11 15  3 13


 1  2  4  5
12 14  6  8
 9  7  0 10
11 15  3 13


 1  2  4  5
12 14  6  8
 9  7  3 10
11 15  0 13


 1  2  4  5
12 14  6  8
 9  7  3 10
11 15 13  0


 1  2  4  5
12 14  6  8
 9  7  3  0
11 15 13 10


 1  2  4  5
12 14  6  0
 9  7  3  8
11 15 13 10


 1  2  4  5
12 14  0  6
 9  7  3  8
11 15 13 10


 1  2  4  5
12 14  3  6
 9  7  0  8
11 15 13 10


 1  2  4  5
12 14  3  6
 9  0  7  8
11 15 13 10


 1  2  4  5
12 14  3  6
 9 15  7  8
11  0 13 10


 1  2  4  5
12 14  3  6
 9 15  7  8
11 13  0 10


 1  2  4  5
12 14  3  6
 9 15  7  8
11 13 10  0


 1  2  4  5
12 14  3  6
 9 15  7  0
11 13 10  8


 1  2  4  5
12 14  3  6
 9 15  0  7
11 13 10  8


 1  2  4  5
12 14  3  6
 9  0 15  7
11 13 10  8


 1  2  4  5
12 14  3  6
 9 13 15  7
11  0 10  8


 1  2  4  5
12 14  3  6
 9 13 15  7
11 10  0  8


 1  2  4  5
12 14  3  6
 9 13 15  7
11 10  8  0


 1  2  4  5
12 14  3  6
 9 13 15  0
11 10  8  7


 1  2  4  5
12 14  3  0
 9 13 15  6
11 10  8  7


 1  2  4  0
12 14  3  5
 9 13 15  6
11 10  8  7


 1  2  0  4
12 14  3  5
 9 13 15  6
11 10  8  7


 1  2  3  4
12 14  0  5
 9 13 15  6
11 10  8  7


 1  2  3  4
12  0 14  5
 9 13 15  6
11 10  8  7


 1  2  3  4
12 13 14  5
 9  0 15  6
11 10  8  7


 1  2  3  4
12 13 14  5
 0  9 15  6
11 10  8  7


 1  2  3  4
12 13 14  5
11  9 15  6
 0 10  8  7


 1  2  3  4
12 13 14  5
11  9 15  6
10  0  8  7


 1  2  3  4
12 13 14  5
11  0 15  6
10  9  8  7
